month,airline_id,unique_carrier,tdomt_cost,tdomt_gallons
4,20402,GL,670576,250019
6,20100,PO,4070029,2793706
11,20366,EV,218525,85810
7,20007,5Y,14404333,9165574
4,20108,NC,924252,460887
1,20046,ZW,12151,3636
6,20402,GL,1079073,424264
5,20304,OO,12279100,6492944
9,19790,DL,349929240,176327569
8,19977,UA,238731146,151878502
1,19930,AS,45827760,36597369
10,20107,FX,104379000,60232615
4,20377,X9,586636,325043
1,19690,HA,29894018,15115998
3,20151,M6,333131,255821
10,20304,OO,9706354,4711398
8,20405,N8,186025,106998
6,20368,G4,42106026,19947115
7,21352,0WQ,467742,136368
5,20107,FX,129525000,62012233
11,21650,EE,466006,217760
5,21629,KD,26488,26488
2,21629,KD,678656,303157
3,20107,FX,121843616,63697908
5,20207,XP,154922,59357
7,21352,0WQ,78467,26331
9,20108,NC,751572,463900
11,21352,0WQ,67032,20130
5,20100,PO,4657122,3003912
3,21492,1BQ,11182,4608
3,20436,F9,38296243,19844056
4,20166,GFQ,168586,97865
2,20402,GL,842827,334987
1,20368,G4,31266501,14124731
4,20372,KLQ,171911,72114
4,20372,KLQ,501851,198608
2,20304,OO,7860757,5287524
3,20108,NC,553876,404819
2,19790,DL,185127672,137448608
12,19805,AA,347350008,183950477
9,20452,YX,13956065,10210565
7,20416,NK,39089881,24415969
7,20447,U7,706774,455983
9,19393,WN,317265738,161469375
2,20107,FX,94206000,55003750
7,20377,X9,1056958,496268
7,20310,WL,8177,10821
6,20151,M6,407009,245940
5,20402,GL,453072,153537
9,21161,09Q,1430024,415270
2,19790,DL,254905563,141386742
5,20447,U7,641758,442592
3,20452,YX,48320,21202
1,21650,EE,280325,148320
4,21634,KH,801374,385347
1,20366,EV,241962,87798
10,19393,WN,385961453,175403853
1,19874,8C,43613,23622
6,19917,5X,53471000,37234000
2,20370,KAQ,564981,325001
3,20366,EV,276920,86925
12,19393,WN,309724573,168866327
5,20370,KAQ,1542677,783751
2,20166,GFQ,770075,314756
3,20007,5Y,13063892,6946147
8,20409,B6,93560858,51893463
2,20402,GL,706381,316608
12,20408,5V,926195,337373
1,19930,AS,68433988,39098220
4,20100,PO,3593983,2857246
2,20402,GL,1399624,480858
10,21161,09Q,2778676,951656
6,20190,9S,1551273,738701
3,20452,YX,26937693,14890099
1,20372,KLQ,238881,89058
5,20304,OO,21498760,8257547
1,20108,NC,606305,329481
9,21629,KD,8723,8723
11,19790,DL,416274199,168745755
11,20422,SY,6934078,3934076
10,21650,EE,142970,80320
3,20368,G4,42946254,19457496
7,20422,SY,9214238,4198458
9,21629,KD,2943828,1358616
7,20287,WP,186483,96694
10,20310,WL,116754,44970
6,19930,AS,149647804,63201373
9,20377,X9,603415,347283
7,19874,8C,57777,21765
4,20447,U7,567626,276938
10,20422,SY,8684618,4023896
8,20046,ZW,34733,11462
3,20100,PO,5715144,2855050
1,19977,UA,189982976,108316645
7,20107,FX,121269514,56301492
4,20452,YX,29889,13919
2,19805,AA,172575868,97576429
8,19805,AA,250264515,196986308
5,20422,SY,7012131,3715351
4,21352,0WQ,78587,24181
3,20447,U7,1263170,650659
8,20416,NK,81114551,39098822
3,20366,EV,194962,82715
11,19930,AS,138728248,56957076
8,21161,09Q,1041710,288920
1,20448,S5,10206564,6301599
5,19930,AS,148001060,62005379
8,19805,AA,426346992,200453516
4,20107,FX,90913000,58287307
6,19977,UA,336639088,154622048
10,20452,YX,19321347,13190456
7,20408,5V,1114248,426753
12,19690,HA,22405322,14541358
12,20107,FX,129749323,70985605
1,20310,WL,52700,27448
5,20207,XP,406277,210506
10,21634,KH,822598,380174
10,20453,ABX,166327,100804
5,19917,5X,55306000,36986000
3,20368,G4,41147005,19325569
5,21352,0WQ,67800,23873
10,20372,KLQ,650605,226015
3,19805,AA,286585329,185203987
9,19805,AA,235910254,171084164
11,19690,HA,19124372,13231712
4,21352,0WQ,634923,194166
3,19917,5X,39981000,35333000
3,19690,HA,22225149,14071549
3,20370,KAQ,537118,314683
7,20100,PO,4082396,2730335
5,20422,SY,5621805,3484679
8,19393,WN,293558949,170664691
2,20169,L2,293751,119324
12,21634,KH,750888,478937
8,20377,X9,670913,370669
12,20195,WI,701552,267465
3,20447,U7,867233,463761
5,20310,WL,39962,22253
10,20169,L2,455118,211068
12,20377,X9,669423,370131
10,19930,AS,60179138,35773954
10,19917,5X,68589000,39485000
1,20207,XP,8341,2501
5,19977,UA,205921730,136992444
10,21352,0WQ,56503,18771
2,20151,M6,314315,256209
6,21161,09Q,1152212,455832
6,20169,L2,508406,245288
12,20368,G4,20632487,13948952
12,19930,AS,55832431,38023094
3,20453,ABX,101799,37579
6,20046,ZW,15632,5082
6,20151,M6,958759,471522
2,21650,EE,382749,195280
3,20169,L2,380955,171099
9,20151,M6,2105494,971269
5,20453,ABX,148008,43151
6,20448,S5,11612385,6398211
12,20447,U7,1023164,614476
2,20416,NK,26120996,15936475
5,20447,U7,823652,407142
3,20166,GFQ,707757,271265
6,20207,XP,336627,128976
4,20416,NK,33173626,18481670
2,19874,8C,31288,10945
9,19930,AS,54866874,35383965
1,19874,8C,173708,74865
7,20372,KLQ,277451,94534
1,20409,B6,88828064,52620184
4,20169,L2,281504,141851
2,19393,WN,291461320,145201747
12,20007,5Y,34617460,17838218
9,20207,XP,242103,112156
5,20169,L2,789250,285985
3,19977,UA,207034297,131555230
3,19805,AA,212526114,116510802
2,20169,L2,220721,104445
5,20422,SY,9998142,3643739
6,20453,ABX,490722,175886
8,21629,KD,1748652,802348
4,19393,WN,349419128,174739867
2,20447,U7,470937,266066
5,20370,KAQ,310221,197426
6,20416,NK,38350933,18621773
10,19917,5X,50360000,33745000
12,20366,EV,199039,86229
8,21712,2HQ,911751,210291
3,20107,FX,72382000,65327841
3,20409,B6,92005424,54828098
1,20402,GL,741648,340111
12,19690,HA,28960951,15632560
11,19805,AA,258576557,175115641
4,19790,DL,364498097,180070679
1,20166,GFQ,462989,191279
6,20287,WP,259340,166912
9,20310,WL,19975,29403
8,20447,U7,822459,475410
10,20402,GL,995389,409630
7,20368,G4,31523539,18881989
12,20370,KAQ,3693723,2876147
3,19917,5X,55606000,31206000
6,20453,ABX,0,133419
5,21236,0JQ,296130,117980
2,20409,B6,107836097,51031327
2,19805,AA,248053440,157287982
2,20304,OO,10371801,5229066
1,19930,AS,121153924,56468118
7,19790,DL,318321781,191063533
9,20304,OO,9365705,5250159
11,20368,G4,35624483,14879759
3,20405,N8,714492,284779
12,20151,M6,1409703,699790
7,20408,5V,1144450,452761
5,20166,GFQ,276594,149455
6,20416,NK,45859708,29420506
12,20409,B6,116905050,58371808
3,20436,F9,25754714,13012731
7,19874,8C,7403,2641
3,20402,GL,876352,468387
9,19930,AS,124973656,58438446
4,19917,5X,54787000,31799000
1,21171,VX,16027319,13986522
10,20166,GFQ,651048,230150
10,20402,GL,776529,245771
6,19805,AA,374377915,195915483
12,20448,S5,5651606,4704440
9,20287,WP,435924,251788
5,20287,WP,316247,153319
1,20370,KAQ,977220,522211
8,19874,8C,41225,16468
2,20453,ABX,131055,61286
5,19917,5X,90238000,40872000
4,20402,GL,546281,200346
1,20368,G4,20000259,10542221
10,20108,NC,1230807,688066
1,20169,L2,367368,186910
11,19790,DL,263162486,143032267
10,20377,X9,758421,428789
5,19874,8C,68983,29957
5,20368,G4,26166845,15460025
7,20436,F9,29839564,15842648
4,20447,U7,725750,352176
10,19874,8C,44931,19955
5,20402,GL,511850,237296
12,21629,KD,2964857,1522627
3,21650,EE,395719,216240
8,20409,B6,98122319,57803927
4,21161,09Q,1519482,438847
7,20377,X9,1387783,510444
7,20107,FX,109927000,56012289
3,20447,U7,1496040,740889
7,20169,L2,509729,244628
1,20310,WL,173913,82209
2,21161,09Q,1254933,399309
6,20408,5V,1228754,426779
12,20372,KLQ,270450,112333
7,20007,5Y,24787334,11090055
2,19805,AA,321390510,163705922
1,20453,ABX,443700,229897
4,20107,FX,70245000,60455074
3,20166,GFQ,450979,193705
1,21171,VX,24994366,15928312
6,21171,VX,24936051,17705692
11,20151,M6,774314,335269
2,20377,X9,1031048,469749
5,20108,NC,502062,210015
8,20007,5Y,16600216,9409304
7,20100,PO,4676362,3109539
2,20448,S5,3177980,3082947
9,20151,M6,705220,342316
8,19917,5X,82869000,43409000
12,20436,F9,36784986,19896845
8,20100,PO,3723683,2684927
7,21236,0JQ,468104,135175
2,20169,L2,285725,113361
11,20408,5V,1100686,400500
5,20169,L2,348398,167770
5,20046,ZW,29646,9096
12,21161,09Q,673396,232901
12,21645,23Q,13338,5116
5,20422,SY,7616617,3537580
7,21629,KD,2222268,941625
4,20447,U7,535490,316858
8,20402,GL,396679,145261
4,20405,N8,236905,74323
9,20310,WL,89588,46985
12,20166,GFQ,483211,239187
3,20169,L2,296805,116240
5,20368,G4,26089990,11747610
4,20310,WL,82257,30015
4,19874,8C,64599,28212
8,20304,OO,13771223,6940229
4,20046,ZW,12946971,6694082
5,21161,09Q,1744273,675825
1,20453,ABX,461092,193054
10,20100,PO,4476303,2888776
6,19690,HA,27418921,14405623
3,20408,5V,1000031,428332
11,21161,09Q,697099,211028
8,20304,OO,10273097,5152349
6,20452,YX,27550924,14666877
8,19977,UA,346659053,160321024
11,20372,KLQ,332680,155347
8,20402,GL,464065,198577
7,21161,09Q,710238,269928
6,20190,9S,1665216,792960
8,20377,X9,985794,446849
10,20372,KLQ,557706,275235
8,19977,UA,206484566,133231965
5,19930,AS,56921331,38602533
9,20190,9S,2151384,927800
6,20447,U7,851483,437920
2,19393,WN,246517847,127748054
2,21492,1BQ,28651,10306
3,20107,FX,121522000,61495565
3,21629,KD,1033416,497954
11,20151,M6,442709,271314
6,21161,09Q,596442,343701
12,20368,G4,33597781,16159401
8,19790,DL,441798512,202074912
1,20100,PO,4932681,2972233
1,20377,X9,802044,375924
6,20377,X9,934804,426101
7,20108,NC,807428,502881
5,20377,X9,885184,393393
3,20108,NC,723951,328645
6,20108,NC,1226285,532920
9,20370,KAQ,1245528,588033
5,21629,KD,2330691,1025832
3,21634,KH,770139,388491
2,20409,B6,83605184,40953104
3,20416,NK,44644241,25669048
8,20402,GL,626901,275360
8,20436,F9,24524756,19334029
3,20107,FX,113550000,57380073
11,20046,ZW,9797346,6380123
10,20402,GL,864255,399822
9,20304,OO,15464047,7301761
1,19690,HA,15802368,13941595
3,20402,GL,1004239,438379
7,19917,5X,46341000,32922000
7,20452,YX,16611835,11951675
6,20402,GL,833506,377084
9,21352,0WQ,79844,24343
9,21171,VX,30138996,16826677
1,19393,WN,275939739,153259159
7,20447,U7,1053561,482696
8,19690,HA,24756372,15593843
2,20372,KLQ,461211,182000
1,20370,KAQ,904665,547707
2,20422,SY,9890673,4229974
6,20409,B6,135866314,58339731
11,21492,1BQ,181829,93385
1,20370,KAQ,1434317,698701
9,20007,5Y,18108951,9661268
4,20408,5V,713613,343885
9,20100,PO,4249582,2676198
2,20377,X9,715629,318940
3,20046,ZW,7498977,6588736
8,20190,9S,1580999,752856
7,20436,F9,28849738,20736474
7,20452,YX,56688,27361
6,19393,WN,351593930,176417715
2,19874,8C,69584,34785
6,21712,2HQ,493559,168234
7,20366,EV,315492,106408
9,20416,NK,47753559,24511823
10,19805,AA,431121618,190720066
7,19690,HA,31347956,16087016
9,20448,S5,9208147,6363950
2,20166,GFQ,409305,186379
1,20422,SY,4337385,3278155
5,19930,AS,80595763,35623037
8,20166,GFQ,472592,243299
12,20310,WL,396884,226314
4,21712,2HQ,890987,257621
5,21161,09Q,707943,264982
6,20405,N8,374003,110460
11,20436,F9,21882901,15795114
8,20448,S5,10640375,7066823
6,20108,NC,1309252,611149
4,21650,EE,217868,140560
6,21629,KD,3338364,1340108
8,20310,WL,93275,47179
7,20370,KAQ,900588,571193
6,20402,GL,744652,257916
9,20287,WP,157122,95750
11,20287,WP,243396,160589
12,20100,PO,5906247,3234784
8,20107,FX,135776180,62725341
8,21634,KH,723672,456380
7,21650,EE,3206,1920
1,20166,GFQ,152176,72400
9,20169,L2,441775,189034
5,20452,YX,28082523,14720553
7,21629,KD,3202909,1400576
9,20453,ABX,0,135237
6,20151,M6,826779,348060
1,20151,M6,356069,196716
2,21352,0WQ,450003,140626
12,20422,SY,10234950,4820011
4,20422,SY,11676816,4758911
8,20370,KAQ,8799806,3180454
4,21171,VX,23380697,13601404
9,20151,M6,349579,219149
5,20366,EV,326977,92303
11,19930,AS,59773980,36846470
1,20100,PO,5474104,2702434
4,20405,N8,402044,253810
6,19917,5X,77414000,40665000
3,20405,N8,280103,87207
12,20453,ABX,81623,39054
5,21634,KH,575838,420758
1,20416,NK,62051998,31236251
1,20046,ZW,13048498,6472639
7,20409,B6,102723978,52336513
12,19874,8C,112137,33886
7,20448,S5,11676632,6954432
9,20310,WL,219872,105030
7,20405,N8,461033,254891
10,21629,KD,412813,412813
4,21171,VX,24813227,15752532
2,20169,L2,295503,131649
6,20190,9S,2409767,1094965
8,19917,5X,91025000,41757000
5,19805,AA,275459168,184950607
8,20207,XP,428354,215308
8,20151,M6,553254,305137
10,20107,FX,146415000,62919596
11,20108,NC,932350,389857
1,20408,5V,940115,312227
2,20436,F9,23575186,15078298
1,20447,U7,262237,222925
2,20107,FX,111096633,57413610
3,20166,GFQ,312181,153648
11,20166,GFQ,409030,148983
9,20195,WI,92998,34634
1,20310,WL,141256,47941
11,19790,DL,313200381,161553444
9,20408,5V,883881,387562
8,20151,M6,751199,320665
3,19393,WN,353137046,177789535
6,20408,5V,1256215,441205
7,19977,UA,197386646,140581589
2,20166,GFQ,635761,243903
1,20368,G4,25451228,12704100
4,21352,0WQ,47189,18337
2,19917,5X,70212000,35568000
12,20166,GFQ,336424,129999
8,19930,AS,78479686,44200173
10,19690,HA,36735660,15666335
1,21161,09Q,1504939,484770
4,20007,5Y,12923185,5636955
8,20372,KLQ,466989,157944
6,19690,HA,22620137,15348068
3,21712,2HQ,1466979,380854
3,20007,5Y,21676080,10950720
4,19805,AA,209148977,178399621
1,21629,KD,635754,313863
6,19790,DL,533585511,173714766
8,20287,WP,589892,353451
2,21352,0WQ,330741,128194
2,21171,VX,22065760,13829887
1,20190,9S,1508503,718335
9,21645,23Q,12432,6228
6,19930,AS,135989040,63899921
10,20447,U7,1011994,624622
1,20108,NC,762275,388494
6,20408,5V,924038,355723
2,20355,US,104998541,62630489
7,20447,U7,438303,284059
5,20436,F9,32427206,15656246
8,20108,NC,1242216,529533
2,20409,B6,108559925,52645386
3,21712,2HQ,1090313,314298
2,20447,U7,819664,411195
5,20166,GFQ,418879,170451
12,20190,9S,1913006,910955
3,19977,UA,137362636,123516238
1,20190,9S,1725440,821638
2,20372,KLQ,358574,138216
11,20370,KAQ,1551297,753176
11,20190,9S,2974771,821760
4,21629,KD,720206,341497
4,20151,M6,1253843,554946
7,20190,9S,1810846,803097
1,19393,WN,315397696,161332466
2,21629,KD,3364687,1579656
1,20409,B6,90381642,44725469
11,20108,NC,930464,528552
11,20100,PO,6611955,3062327
6,20377,X9,1523815,727326
3,21650,EE,416366,279440
2,20409,B6,53522617,47006545
6,20405,N8,548121,207401
8,20166,GFQ,387328,140272
4,20409,B6,128724788,59527739
3,20402,GL,1157001,437943
9,20190,9S,3168937,1483224
6,21712,2HQ,1785814,462132
2,21634,KH,427991,412808
10,20436,F9,46521713,20283982
8,21161,09Q,862612,289139
4,20416,NK,67232336,30762732
7,20007,5Y,36371051,16123997
10,20166,GFQ,699230,358063
2,20408,5V,752926,274605
11,20310,WL,169000,76627
3,20108,NC,1133609,537041
7,20046,ZW,10035625,6345731
6,20377,X9,656696,445543
3,20372,KLQ,421266,162599
6,20046,ZW,14090303,6925613
4,20169,L2,436017,195715
4,21634,KH,686737,427115
11,19874,8C,46526,13395
4,20368,G4,38555060,17181795
12,21171,VX,34677595,18583750
7,19977,UA,320251056,164295066
7,20436,F9,47012069,25073216
6,20422,SY,7437040,4207451
1,20007,5Y,30473337,14285985
1,21161,09Q,1831212,581221
3,19805,AA,352054533,183156469
9,20166,GFQ,403180,216058
6,20166,GFQ,582654,299168
1,20416,NK,34434751,17117251
1,19930,AS,65732649,33038474
9,19690,HA,19067372,13634666
9,20108,NC,1045705,587910
4,20368,G4,28584598,15957439
9,20405,N8,227848,102117
12,20405,N8,78036,19529
10,20436,F9,35034624,20349899
2,19790,DL,319361813,154407088
2,20287,WP,367638,207976
10,20100,PO,5596611,3192050
5,20409,B6,132733065,59139308
11,20402,GL,1047734,469604
5,20416,NK,43615268,19854871
9,20416,NK,35473689,22722981
5,21492,1BQ,350330,221152
7,19790,DL,407109894,207363151
7,20169,L2,648926,315006
5,20310,WL,89588,46985
7,20151,M6,1930489,861701
1,20151,M6,838302,382418
7,20436,F9,38710762,20252343
2,21171,VX,13603946,13261960
8,20372,KLQ,332405,167756
5,20377,X9,805252,355955
4,20422,SY,9426108,3792102
9,20402,GL,841790,311216
7,19874,8C,123732,38606
8,20402,GL,445174,155249
6,20169,L2,680842,260741
4,21629,KD,3415879,1569264
3,20304,OO,20654129,8558824
9,21634,KH,811256,363038
6,20377,X9,1050797,481014
10,19790,DL,435327025,177956053
7,19805,AA,282820840,205233915
11,21634,KH,880716,404924
9,19790,DL,380946080,170130440
5,19930,AS,70461951,42011843
4,20287,WP,436117,264308
11,20207,XP,4851,1581
6,20453,ABX,437255,163837
12,19874,8C,233571,79996
6,21629,KD,25547,25547
4,21629,KD,7812,7812
10,19930,AS,59295203,35852429
7,20372,KLQ,357342,163748
2,20402,GL,671224,385097
12,20447,U7,1214526,648588
2,20448,S5,9620083,5497778
11,20169,L2,290750,144062
6,19790,DL,387702516,157173139
8,20405,N8,308461,131044
5,19805,AA,395581378,186850065
5,20409,B6,140046184,59886993
7,21712,2HQ,500082,157065
5,20453,ABX,0,149718
6,21161,09Q,877762,401512
10,20409,B6,96933427,52649434
9,20405,N8,428742,120917
2,20108,NC,602185,282780
7,19930,AS,65365494,41220414
5,21634,KH,685578,446198
10,20402,GL,954299,404083
12,20447,U7,507476,374394
3,20377,X9,911363,435588
6,21629,KD,132846,132846
5,20151,M6,468120,273866
9,19790,DL,238849459,141344063
5,19805,AA,401108088,195785035
10,20190,9S,1811245,862497
11,20377,X9,766248,367513
8,20366,EV,210836,82119
10,19805,AA,250419257,175725146
11,20416,NK,36642026,23297830
10,20287,WP,158457,104172
1,20169,L2,420337,168849
11,19917,5X,79072000,43341000
1,20405,N8,308864,130949
8,21712,2HQ,414672,145383
5,20166,GFQ,264738,101151
11,20166,GFQ,398547,208771
2,20453,ABX,31949,16484
6,20368,G4,30242275,18440370
7,19805,AA,281636177,198270086
6,19977,UA,251303283,133768070
3,20190,9S,1203298,611065
11,20190,9S,2060392,981139
5,21161,09Q,925090,336027
7,20370,KAQ,2165703,1359305
9,21712,2HQ,853155,162857
9,20436,F9,44956844,23951656
7,20151,M6,404349,246657
8,20408,5V,977129,441778
7,20166,GFQ,172204,78909
7,20151,M6,371204,233120
4,20453,ABX,95853,55914
8,20100,PO,4233449,2568934
12,20368,G4,27856572,15863821
5,20151,M6,1166403,512239
9,20366,EV,242775,90640
3,20422,SY,9947664,4126989
1,19805,AA,195806362,174766325
2,20007,5Y,11466813,5079212
11,19977,UA,173838716,121766208
7,19977,UA,237596442,137650790
8,20452,YX,82173,32883
3,20007,5Y,15827628,7203521
7,20190,9S,2734807,1227334
7,21650,EE,240856,141680
2,19874,8C,36038,18695
11,21492,1BQ,194265,92083
10,20108,NC,935413,524538
6,19690,HA,22502209,15300516
4,20370,KAQ,1304710,788861
2,19874,8C,30006,9496
6,19805,AA,414037019,192398584
2,20007,5Y,13017193,5925931
9,19874,8C,4642,2873
5,20007,5Y,14288848,8327603
5,20007,5Y,37213237,16247567
4,20405,N8,202399,56922
5,19790,DL,253282613,167433775
4,20169,L2,375287,151911
7,20402,GL,498227,175250
2,20447,U7,547982,291480
5,19874,8C,92081,27986
7,20207,XP,226870,114034
11,20408,5V,1044172,350202
6,20372,KLQ,380505,138345
6,20355,US,145338087,77624601
2,21236,0JQ,210221,84948
1,20108,NC,655609,365193
2,19917,5X,50872000,31215000
9,19805,AA,263625973,173943012
2,20409,B6,80630770,47246508
9,20372,KLQ,368715,141016
7,20310,WL,120015,41492
8,20372,KLQ,271263,132138
9,19874,8C,73597,26642
2,20207,XP,388920,195487
4,20405,N8,497064,199156
12,19917,5X,79139000,51475000
8,20422,SY,8516861,4384399
12,19790,DL,420310062,171295959
5,20408,5V,794232,338719
7,20405,N8,241209,75831
11,20452,YX,98033,37786
10,20366,EV,208003,81937
7,21171,VX,27028971,18301668
12,20405,N8,159145,81997
11,19805,AA,382093421,178774406
3,20100,PO,6131631,3130492
3,19874,8C,26141,9158
3,20372,KLQ,398870,217766
10,20405,N8,107154,65736
2,20100,PO,4433842,2179797
6,20422,SY,7132137,4093831
11,20151,M6,983387,491179
7,20453,ABX,353770,168462
9,20453,ABX,353377,186590
11,20447,U7,861348,548629
5,20447,U7,1026332,459014
8,19917,5X,47121000,35770000
9,19874,8C,120270,32073
11,20405,N8,131472,34487
1,20408,5V,764031,343787
5,20169,L2,378881,160638
10,19690,HA,25527012,14868907
3,20436,F9,36023042,19201138
10,21629,KD,2233,2233
12,19805,AA,328278822,180795497
12,20453,ABX,52722,31953
8,20046,ZW,9669585,6353980
5,19874,8C,74205,33632
9,20422,SY,7636258,3413449
1,20151,M6,385876,215314
3,20190,9S,2269455,1080693
3,19977,UA,262245488,135411162
2,20447,U7,952822,482752
9,20436,F9,42471425,19581384
1,19874,8C,52103,14998
3,19393,WN,281824146,171254232
3,19393,WN,304548604,162120451
9,20402,GL,884185,350196
8,20007,5Y,11184426,6644573
1,20372,KLQ,192105,67948
3,20151,M6,1067782,490507
6,20416,NK,78670516,33039956
6,19977,UA,192041302,134665784
9,20405,N8,269436,131476
4,20452,YX,26091310,14753451
8,20100,PO,5093303,3105941
8,20377,X9,781623,334116
2,20366,EV,178088,76666
9,19393,WN,281758512,158891824
10,19930,AS,76195277,39577549
2,20368,G4,32447801,14924168
7,20368,G4,47317777,19798809
4,20409,B6,90771586,54391710
2,20447,U7,362231,305977
12,20169,L2,538326,219581
10,20310,WL,170331,35612
1,19917,5X,53132000,34644000
9,20100,PO,5675448,3188921
10,21161,09Q,1253211,480038
2,20377,X9,519998,367356
8,19930,AS,61706970,41625536
5,20100,PO,3955164,2874850
9,21492,1BQ,91562,10249
12,21629,KD,1108182,525016
4,20436,F9,37389461,18646834
11,20207,XP,685069,320682
6,19393,WN,330197128,167929798
7,20310,WL,220912,76358
4,19690,HA,21885451,12656521
10,20100,PO,7273755,3068527
10,20377,X9,824292,412016
5,20377,X9,699603,422869
5,21171,VX,25009576,17037849
9,20107,FX,79394000,57993164
11,20452,YX,17367680,12031506
1,20368,G4,15650180,12264170
3,20370,KAQ,6114511,2850738
6,19977,UA,213166688,147787575
1,20422,SY,8392084,3605952
8,20151,M6,359101,235657
8,20108,NC,1089047,602262
6,20169,L2,844329,336245
4,20151,M6,762363,333582
2,19930,AS,59015538,30128072
5,20452,YX,76833,30609
4,20151,M6,364165,270803
7,21634,KH,614620,414024
2,20107,FX,88442339,55439394
6,20304,OO,11958643,6696044
5,19393,WN,283000560,168730965
6,20007,5Y,11084437,5897956
4,20310,WL,220182,78060
3,21171,VX,23330354,13241708
12,19790,DL,270719539,146441475
2,21634,KH,710735,403514
7,20416,NK,46524442,29370164
4,20207,XP,471922,255494
4,21712,2HQ,1512475,362690
8,20402,GL,431934,190259
6,20372,KLQ,404953,183748
3,20409,B6,128209025,60118439
12,19874,8C,205682,94822
12,20100,PO,6445991,3397125
12,20207,XP,617394,298258
12,20402,GL,856360,393872
1,20377,X9,905436,431442
11,20169,L2,165523,382460
3,20310,WL,25436,13552
9,20190,9S,1676037,798113
10,20166,GFQ,619692,320447
3,21161,09Q,975347,388099
8,20190,9S,2657455,1251684
7,20452,YX,71869,28582
9,20108,NC,1122097,471127
1,21712,2HQ,1518919,410186
6,20436,F9,41286065,22899112
3,20166,GFQ,462555,191505
12,20422,SY,5709119,3852205
1,19690,HA,22776163,14166464
7,20422,SY,8213389,4623556
1,20436,F9,26871434,17288699
10,20166,GFQ,933314,385196
3,20408,5V,815240,368114
1,19805,AA,195881242,110395239
11,20100,PO,5818580,3159467
8,20405,N8,98208,33672
11,19874,8C,69443,29546
7,20453,ABX,64195,35785
10,20447,U7,926271,577908
7,20108,NC,1110307,568049
1,21650,EE,202646,153520
5,19977,UA,247357393,127377097
5,19790,DL,388155077,188366304
9,20108,NC,943415,480499
6,20151,M6,1082501,500791
8,20416,NK,35201541,21128862
4,20372,KLQ,181097,79461
5,20448,S5,12140525,6339654
3,19790,DL,291972249,173731457
7,20372,KLQ,270552,105957
11,20372,KLQ,420767,150186
3,20100,PO,3232286,2859183
12,20151,M6,501876,346075
8,21236,0JQ,62334,39676
6,20370,KAQ,1775687,818081
3,20100,PO,5314845,2892042
8,20169,L2,741119,262850
11,20190,9S,1821794,867521
5,19805,AA,241602609,188798331
3,21161,09Q,3111986,841501
5,21171,VX,21397134,16189161
9,20007,5Y,12983973,7734601
1,19393,WN,311660539,163091949
3,19393,WN,316631120,176455638
7,20377,X9,742580,406897
6,20368,G4,44832095,18589560
3,20169,L2,285150,136075
11,19790,DL,241916874,154388523
8,20409,B6,124292370,60585417
2,20190,9S,1326164,631507
1,20207,XP,494418,290899
1,19917,5X,79343000,39478000
6,19977,UA,307713727,159500662
7,21492,1BQ,571635,375473
6,20372,KLQ,259109,91082
10,19790,DL,326818536,171769288
2,20422,SY,8366308,3471449
1,20190,9S,1420119,676247
9,20108,NC,747636,368557
3,21629,KD,3799780,1757258
10,20370,KAQ,917885,476885
4,19690,HA,21684775,13662772
12,20453,ABX,326406,157837
6,21352,0WQ,82048,26382
2,19690,HA,25862219,13532765
9,19930,AS,137345335,56481306
3,20100,PO,5396326,3345667
10,20453,ABX,408096,148940
1,21634,KH,863451,432202
3,20448,S5,4851196,4370846
1,19977,UA,236590640,128594032
1,19977,UA,239129660,120886857
10,20151,M6,840666,499204
1,20402,GL,844471,352524
3,21492,1BQ,17961,7775
6,20453,ABX,143639,93272
8,20453,ABX,353770,112827
2,20452,YX,53380,22181
8,19977,UA,310650235,163531864
1,20107,FX,99393000,58367165
5,20416,NK,35808103,23984200
2,20190,9S,1574240,749638
5,21352,0WQ,63541,20236
10,19393,WN,298242056,163531112
2,19917,5X,32449000,31170000
11,20402,GL,1187394,407609
8,21634,KH,831665,386511
8,20422,SY,12251178,4720254
4,20310,WL,26757,13671
10,19805,AA,270111807,182248475
5,20166,GFQ,500016,185750
1,21634,KH,790721,469255
12,20409,B6,84585953,53163032
12,20108,NC,842901,503123
9,20452,YX,46818,22895
7,20447,U7,597567,287984
10,20408,5V,1031071,440269
11,21629,KD,3154141,1553469
4,20108,NC,664220,456447
8,20453,ABX,104976,62859
3,19690,HA,25358483,13498457
11,21712,2HQ,1634542,342974
8,20368,G4,21647166,14225856
10,19393,WN,256733693,157449231
5,20046,ZW,13689513,6847837
8,19805,AA,318770090,196608151
4,20107,FX,114845000,59115713
6,19917,5X,58337000,31429000
2,20370,KAQ,3866084,1728042
3,21634,KH,718601,447281
3,20207,XP,470775,143093
10,21629,KD,2794600,1428110
9,20007,5Y,28794801,12548493
6,19874,8C,4440,1584
10,20408,5V,1311006,412738
3,19874,8C,104655,40462
9,20007,5Y,18356399,8729832
9,20409,B6,129367128,55146389
2,19977,UA,225059256,113046868
9,21492,1BQ,343770,168712
10,20007,5Y,13824941,7806925
5,20402,GL,674436,225643
11,20453,ABX,82145,45896
2,20370,KAQ,545999,403246
12,20287,WP,252375,165446
11,21650,EE,207477,116560
10,21352,0WQ,94774,30474
5,20195,WI,26946,11147
1,20422,SY,6660467,3884944
1,20402,GL,1315825,471431
7,21161,09Q,447055,121373
4,19977,UA,139221625,118947354
4,19930,AS,68313621,34743425
12,20207,XP,780952,392538
8,20448,S5,6564449,4935993
3,20448,S5,11218963,6434762
10,20447,U7,1074260,479116
8,19393,WN,384841985,177680219
3,20447,U7,696187,553034
9,20190,9S,1863769,887509
8,20447,U7,826579,556244
9,20372,KLQ,426572,151052
7,19790,DL,323303563,165878379
4,19930,AS,132949288,59465945
7,19690,HA,23256887,15648967
3,20409,B6,63705743,52727049
9,20453,ABX,149869,79338
9,20436,F9,21436220,15286946
2,20453,ABX,554065,252917
3,19977,UA,295178703,148464310
1,20452,YX,43183,20121
6,20166,GFQ,447931,177454
2,19977,UA,172659643,100583635
11,20304,OO,9643922,5341566
5,20190,9S,1833948,785893
10,21650,EE,405704,244400
8,21161,09Q,167240,40719
1,20287,WP,329664,195365
6,20046,ZW,9333727,6353609
7,21161,09Q,1086568,282098
6,20100,PO,5662856,2980851
11,19393,WN,253787047,157803732
2,20007,5Y,20195085,10087978
7,21629,KD,6165686,2610708
8,20436,F9,44981532,21117843
1,19874,8C,59783,47241
2,21629,KD,262337,115340
5,19393,WN,379542553,179450601
9,20372,KLQ,559616,260210
11,20422,SY,9431491,4309279
7,20100,PO,7284407,3269559
8,21492,1BQ,27652,7072
4,20304,OO,9037596,4221329
1,20304,OO,17779528,8150037
3,19930,AS,73488764,41707157
10,20151,M6,1103064,557493
11,21634,KH,634092,432701
4,20452,YX,14688177,12792878
5,20007,5Y,28545465,12439660
3,20452,YX,15033057,13995700
2,20190,9S,1630575,766074
3,20007,5Y,33606169,15305509
7,20304,OO,21469274,9566241
4,20310,WL,821,6433
8,20304,OO,21267349,8790766
1,21171,VX,23862346,12441427
7,20422,SY,7302490,4428418
3,20436,F9,26067753,17167354
6,20368,G4,28784055,17128733
12,20007,5Y,25673919,13925514
5,20448,S5,3854389,2922167
5,20304,OO,10860706,4399711
7,20402,GL,421359,156364
9,20448,S5,5666797,4093952
5,20190,9S,1770186,842946
1,21352,0WQ,66217,21569
7,20377,X9,622892,354114
10,20448,S5,5528358,3757754
1,21645,23Q,4005,2013
4,20453,ABX,139151,52597
7,20377,X9,747727,357883
10,20370,KAQ,5054631,2008223
10,20304,OO,16345559,7731794
2,20207,XP,9832,2851
9,20166,GFQ,831255,332970
9,20402,GL,801156,357302
4,20377,X9,1114153,465832
1,20452,YX,24606382,13863113
7,20368,G4,29820427,18352864
4,19790,DL,376793506,172728275
6,20310,WL,115121,50732
5,20107,FX,85946421,58766605
9,20368,G4,27334820,11066373
2,21161,09Q,446977,218800
7,19790,DL,455203610,201400497
5,20402,GL,488106,257807
2,20372,KLQ,469427,202439
9,20416,NK,31412058,19673923
2,20405,N8,644218,249616
8,19690,HA,35570146,16489483
3,20151,M6,1251224,571030
10,21171,VX,31878308,18404027
5,20372,KLQ,298448,112766
7,19930,AS,77210689,38668993
2,20151,M6,1055826,494687
9,21161,09Q,324825,105030
12,20108,NC,926718,448220
10,20416,NK,33263004,20395753
11,20409,B6,81540334,46907005
9,20409,B6,79937250,45395551
1,19977,UA,182772832,115242670
5,20207,XP,230959,116089
8,20304,OO,21656034,8454586
5,19805,AA,225449744,115441594
11,20304,OO,16037156,7368010
12,20372,KLQ,270419,113975
5,21634,KH,895108,404001
8,19690,HA,20951120,15661235
5,20287,WP,177108,128211
2,20422,SY,6643017,3395917
4,20422,SY,6542669,3378896
6,20166,GFQ,495862,207698
5,20408,5V,1036250,366102
9,20366,EV,33702,3367
1,20422,SY,6151014,3243140
11,20370,KAQ,2630232,1388025
6,20453,ABX,68116,41106
1,20310,WL,123588,48403
2,20402,GL,963282,370382
10,20287,WP,241206,162251
4,20366,EV,220371,77831
12,20107,FX,97226000,77858396
3,20370,KAQ,3749921,2005482
6,19930,AS,80408619,36782134
2,20100,PO,4266025,2576212
5,20409,B6,88155076,54864422
8,20195,WI,1042116,415469
7,20007,5Y,12092966,5281047
8,20287,WP,173454,97531
12,19393,WN,325085161,167488187
11,20447,U7,1153287,599079
10,20007,5Y,19180155,10664086
5,21650,EE,57490,33040
6,19874,8C,87049,40158
10,20422,SY,7024351,4007624
7,20304,OO,20894688,8254370
9,19805,AA,346653565,182204854
12,20107,FX,113705000,76008582
3,19690,HA,16393085,14008850
6,20100,PO,6948780,3154774
4,20447,U7,543675,296005
8,20416,NK,52173190,29576660
4,20408,5V,769912,334666
10,20422,SY,11395239,3910086
4,19977,UA,296103451,145411013
4,20448,S5,10600900,6162438
7,21171,VX,24496885,17646054
2,20370,KAQ,2521290,1317997
5,20370,KAQ,5976523,2757277
2,21712,2HQ,1485395,380855
5,20453,ABX,48005,29271
10,20416,NK,38191955,22987667
8,21629,KD,1977057,1066150
10,21712,2HQ,1029978,192870
6,20366,EV,204875,80305
4,20007,5Y,13428495,7265951
8,20447,U7,924554,462203
3,20195,WI,91478,38845
11,20409,B6,76487945,49642856
9,19690,HA,28914379,15139018
5,20405,N8,73617,15007
4,20368,G4,18602361,13408496
4,19790,DL,231884029,150703885
2,19805,AA,327810856,171809048
3,20287,WP,305469,155602
3,20169,L2,382815,206843
8,20166,GFQ,503871,232180
11,20107,FX,86234,60821630
4,20436,F9,16496000,14788087
12,20453,ABX,216843,99353
2,20377,X9,724224,355811
4,20416,NK,29448637,22416916
9,21171,VX,21936560,16014741
7,19690,HA,35609790,16483215
10,20190,9S,1977347,941594
7,20107,FX,94812000,59591508
4,20304,OO,9365067,6079389
11,19393,WN,386731333,173093144
12,21629,KD,1678803,766089
5,20107,FX,123279000,56673551
1,20408,5V,987918,364447
1,20408,5V,569497,284362
5,19917,5X,58439000,29971000
10,21171,VX,23156297,14580153
4,19874,8C,38574,313624
2,21634,KH,797072,397609
9,20377,X9,778134,425657
9,19930,AS,75531736,38818144
3,21352,0WQ,89438,25849
12,20310,WL,52659,25985
11,19917,5X,55765000,38587000
3,20453,ABX,0,134567
4,20190,9S,1548399,737333
2,20416,NK,41752070,22653257
2,20108,NC,472561,368420
6,20422,SY,13077984,6200681
11,20409,B6,127942795,55678447
9,20408,5V,1014181,409738
2,20046,ZW,13989,4302
1,20107,FX,59236000,57475790
8,20452,YX,46383,22245
12,20370,KAQ,7028046,3765261
9,21629,KD,3662478,1563108
12,20304,OO,10848121,5655072
4,20007,5Y,35939769,15865672
8,20368,G4,26759574,14662825
7,20408,5V,1345715,486124
1,19930,AS,114428031,55881608
7,21634,KH,602912,420630
8,19874,8C,111786,74274
7,21629,KD,65171,65171
7,20100,PO,5168602,2583178
11,20372,KLQ,466801,190769
6,20436,F9,23874936,17359786
8,20377,X9,658971,375705
11,19874,8C,90412,22085
1,20409,B6,107587447,55214112
2,20372,KLQ,152685,80604
10,19805,AA,305538597,179025054
6,20408,5V,995143,398853
10,20370,KAQ,1987800,993280
10,19393,WN,318571217,164689482
11,20422,SY,11027545,4101620
10,20416,NK,71707595,28643322
11,20287,WP,151693,94766
6,20370,KAQ,2926777,1288732
2,19805,AA,178053556,167962196
7,19393,WN,362654100,182640130
11,20436,F9,34106960,19294199
6,20007,5Y,35076392,15732351
5,20377,X9,879568,493558
7,19930,AS,74117433,44702939
10,20046,ZW,43480,12882
4,20368,G4,37508105,16502924
7,21492,1BQ,90739,34508
9,20453,ABX,423041,160456
12,20007,5Y,13927827,7667632
7,20166,GFQ,302753,111751
4,20046,ZW,21186,6569
6,21634,KH,845554,448352
12,21352,0WQ,49895,14504
8,19790,DL,306314812,191308531
4,20355,US,119263796,70470266
4,19977,UA,197799156,125813183
9,20416,NK,69326601,29025055
3,20151,M6,465339,266851
10,20007,5Y,11575198,5507677
3,21352,0WQ,83338,25331
2,19930,AS,62678787,35037875
8,20416,NK,82607134,35200711
9,20046,ZW,49176,14821
6,20409,B6,86224125,55411950
7,21645,23Q,35425,17806
7,20370,KAQ,2939615,1289157
9,20422,SY,10675385,5029452
11,19690,HA,26252271,14485732
3,20169,L2,487617,186550
9,21634,KH,743115,390699
10,20368,G4,20222240,11672418
5,20169,L2,602639,199054
11,21171,VX,20381485,14453544
7,20151,M6,729157,309522
5,19790,DL,383353725,180873427
2,20405,N8,160755,45744
3,19393,WN,345962204,177101321
11,19930,AS,79566897,39393390
4,19917,5X,53185000,33287000
6,20166,GFQ,571097,200524
5,20377,X9,1477851,613723
9,20368,G4,14929816,8684843
3,20408,5V,946972,388170
11,20408,5V,813824,353638
3,20366,EV,257077,94607
4,20453,ABX,0,194952
3,20207,XP,639529,350091
2,20377,X9,824611,370322
8,20436,F9,46146191,25512256
2,20422,SY,5659510,2907461
10,20416,NK,52331623,27446594
10,20405,N8,120669,51289
7,20287,WP,656047,418321
7,20310,WL,206007,86761
9,19393,WN,260093262,150538427
12,21712,2HQ,991585,297468
10,20409,B6,81760207,46849602
7,19393,WN,314713847,185951899
12,20287,WP,153796,101145
8,21650,EE,6655,3760
2,20046,ZW,6239743,5867191
4,20370,KAQ,1499538,846092
5,20007,5Y,10497530,5949340
5,21634,KH,802122,414753
1,20166,GFQ,525709,209031
9,19874,8C,68697,35502
9,20447,U7,1031906,667468
3,19805,AA,210086351,191902155
1,20304,OO,8161174,5444514
12,20100,PO,4303972,3067994
12,20368,G4,29816595,14498951
3,20416,NK,28737098,18687532
8,20107,FX,111635000,59321547
7,20448,S5,6728261,4897404
12,21634,KH,932356,497855
6,20370,KAQ,5945440,3052250
9,19790,DL,222680764,155849906
9,20366,EV,213211,66005
3,20368,G4,22071234,16442818
4,20370,KAQ,2714546,1290207
11,20377,X9,1085813,392543
2,20452,YX,11499270,11730250
10,20169,L2,514050,183110
2,20368,G4,30035295,13869284
12,21161,09Q,2111233,568956
8,19690,HA,24445148,15212466
6,20107,FX,106681494,56983007
7,20409,B6,91168434,58409734
9,20436,F9,25443200,18739285
2,20304,OO,8198360,3725601
6,20100,PO,4895835,3304234
6,20372,KLQ,193562,93080
8,20409,B6,78164116,55139033
3,19874,8C,29465,10618
11,21171,VX,32876280,18063514
9,20405,N8,55154,18155
11,20107,FX,136861329,64268198
6,20310,WL,55523,28269
5,20368,G4,38868258,15978484
6,20452,YX,38021,18137
6,21629,KD,3835839,1842149
9,20453,ABX,137773,71385
5,19977,UA,316490599,145503793
4,21171,VX,18089258,15419080
8,20416,NK,37157939,24633261
8,20100,PO,6909454,3105841
9,20107,FX,81036000,56281810
12,20046,ZW,9810113,6573348
1,20108,NC,1052458,473048
7,20207,XP,114449,43850
4,19930,AS,71986618,40727280
7,19917,5X,84786000,39026000
2,20151,M6,386037,214039
9,20447,U7,1075356,560081
10,19977,UA,245860776,140728887
1,20405,N8,122419,48091
5,19690,HA,26984166,13810410
2,20366,EV,232197,81082
2,19690,HA,26669581,13460835
8,20422,SY,13305447,6572865
10,21492,1BQ,24293,5273
8,20169,L2,478167,251512
4,19393,WN,316399169,174800743
1,19874,8C,42347,24211
1,20372,KLQ,145734,69542
3,19930,AS,72962194,36268702
2,20108,NC,646134,332106
3,20304,OO,18506574,8110361
4,21629,KD,2675378,1203716
5,20402,GL,720766,274165
2,20108,NC,969018,434555
4,20207,XP,135164,180237
5,21171,VX,27684378,14202431
8,20368,G4,37803056,15769266
6,20304,OO,20726835,8108076
6,19790,DL,420444587,198074942
5,19874,8C,4995,2204
3,19690,HA,29926149,15074904
7,20405,N8,199187,61217
4,20287,WP,160992,126195
4,19805,AA,206306881,116256083
5,20151,M6,923457,387194
7,20402,GL,673760,295185
3,20304,OO,9230330,4113954
5,20408,5V,1274853,441576
6,20100,PO,5840261,3046196
9,21352,0WQ,78401,26941
12,20405,N8,106844,48783
7,20409,B6,127696495,60919004
8,21650,EE,181709,107520
1,20436,F9,38873888,19838849
6,21634,KH,615846,414878
11,21161,09Q,3114645,1109693
2,20310,WL,49753,68463
12,20100,PO,5159454,3306987
3,20453,ABX,590264,312309
11,21634,KH,640245,433446
12,20107,FX,135310000,71795060
9,21712,2HQ,508180,148395
3,20422,SY,12628918,5031559
8,20287,WP,237468,174085
2,20203,FCQ,97551,36398
3,20108,NC,1017800,508582
3,20151,M6,530155,270806
11,20046,ZW,14673,4611
9,19874,8C,88364,26608
5,21634,KH,796746,387931
7,20100,PO,5112466,2784258
12,20190,9S,2077709,1082193
9,20100,PO,3773102,2569876
10,21171,VX,23861410,16135480
6,21352,0WQ,524145,151487
5,20366,EV,198677,85605
6,20108,NC,955645,562388
4,19917,5X,84149000,40908000
12,20408,5V,840325,363025
6,21634,KH,743516,396366
2,20310,WL,93306,36971
12,20195,WI,182387,80911
8,20169,L2,668960,290578
2,20370,KAQ,1465169,729082
3,20408,5V,1081274,384615
7,20447,U7,572641,318263
3,21161,09Q,1355814,518628
1,19790,DL,190375249,139317615
4,20453,ABX,488129,163281
6,21492,1BQ,11202,3678
8,20151,M6,509736,300582
6,20370,KAQ,974967,642251
12,21161,09Q,1274547,467179
5,20436,F9,43177126,19729113
8,21492,1BQ,43075,9532
4,20107,FX,117835000,58066815
11,20366,EV,183504,79796
3,19917,5X,78171000,39076000
1,20453,ABX,29284,17328
3,20402,GL,1510093,535031
9,20169,L2,426122,182767
2,20304,OO,17050445,7503491
1,20107,FX,91498000,58142242
6,21352,0WQ,62770,21206
12,19917,5X,61531000,49164000
4,20190,9S,2221720,992362
4,20304,OO,18718245,7897373
9,20207,XP,375097,188539
7,20436,F9,27099940,19491304
7,20166,GFQ,353128,178347
12,21634,KH,880599,478286
6,20416,NK,75170578,36737363
5,20452,YX,14889666,11820783
10,21634,KH,674712,446107
10,20304,OO,10322219,5715200
9,20409,B6,112135306,55217487
7,20169,L2,1012104,403722
11,20368,G4,22205282,13489524
2,20436,F9,34472192,17536368
11,19805,AA,288883072,165155362
7,20372,KLQ,158711,75005
2,21352,0WQ,78351,22645
5,20368,G4,37843745,16288199
7,20304,OO,11647680,6489965
5,21161,09Q,333778,147140
4,21634,KH,518317,417640
4,20046,ZW,7769570,6281133
12,20452,YX,17277275,12998931
9,20452,YX,78760,31165
12,20377,X9,544222,380850
9,21629,KD,2233600,1138084
4,20408,5V,933152,333350
2,19393,WN,289336674,146910807
1,21634,KH,434504,413456
11,20453,ABX,676615,303415
8,20368,G4,34499210,16090859
4,20169,L2,392094,163924
1,20166,GFQ,116655,51222
12,19874,8C,35086,15834
8,20372,KLQ,156971,57736
2,20207,XP,714686,330777
4,20310,WL,32123,18597
3,20370,KAQ,983544,634541
9,20408,5V,1068072,413895
2,20453,ABX,0,147714
4,20409,B6,124606964,57303758
8,20310,WL,115217,28671
7,20453,ABX,448385,183134
1,21352,0WQ,141350,38515
7,20166,GFQ,366251,127012
3,20416,NK,41123649,18244234
6,20107,FX,128130000,59105226
7,19874,8C,129601,47205
6,20416,NK,37447534,23476382
11,19977,UA,306790501,138755009
1,20169,L2,425821,174531
5,20409,B6,75222091,52143067
11,20100,PO,4498730,2949409
3,19690,HA,30024860,15390145
5,20436,F9,20963972,16116093
10,19690,HA,20470030,13467745
4,20377,X9,374541,313154
9,21352,0WQ,426107,142989
10,21629,KD,5064207,2018599
7,20453,ABX,0,158928
11,19977,UA,161410369,116727559
3,20046,ZW,12971802,6624096
7,21171,VX,26487452,14991775
9,20100,PO,7428716,3298841
12,20304,OO,8346965,5240799
10,21634,KH,723831,420655
5,20405,N8,114406,31001
3,20310,WL,58402,20224
6,20169,L2,375717,190880
11,19977,UA,234222637,130657305
3,20304,OO,8768054,6067876
11,20416,NK,52974522,26962585
5,20372,KLQ,206228,69347
6,20447,U7,1163873,525448
3,21634,KH,754295,419295
5,20436,F9,42822137,22805754
2,20310,WL,69192,26298
5,21629,KD,2552822,1074307
10,20207,XP,743821,373874
5,20372,KLQ,463663,223726
6,19690,HA,29621947,15667787
1,21492,1BQ,102795,35325
8,20447,U7,716628,437828
9,21650,EE,274752,152640
5,21712,2HQ,941715,273216
8,20190,9S,1708163,789736
1,20452,YX,52500,22451
10,21492,1BQ,225434,67409
11,21629,KD,923962,923962
1,21352,0WQ,396216,163052
4,20166,GFQ,547695,212750
1,20370,KAQ,3030143,1444216
2,20169,L2,264940,150677
7,20370,KAQ,1417948,606861
2,19393,WN,266514157,144819523
9,20377,X9,808310,369977
5,20108,NC,672293,398594
4,19805,AA,363320993,180567823
11,20108,NC,722230,443537
11,20377,X9,798660,410850
6,19790,DL,298982922,182177909
1,20007,5Y,10592898,4710772
12,21650,EE,176718,99280
1,20304,OO,18509402,7718601
1,20169,L2,432443,168707
4,20422,SY,5259274,3627674
6,20366,EV,80785,14037
6,20190,9S,1909370,844492
2,19917,5X,72268000,37155000
12,19790,DL,319643796,162230141
4,20007,5Y,23653993,11523920
8,19393,WN,342904670,175268660
4,20377,X9,1065262,395064
11,20007,5Y,36947251,16624565
6,19874,8C,42153,20189
12,20366,EV,239935,85946
6,20151,M6,467255,274254
11,20436,F9,23927502,17166634
4,21161,09Q,555293,214900
11,20007,5Y,22284686,12285644
4,21634,KH,793241,392414
6,19805,AA,267101917,190611989
10,21161,09Q,610145,200338
1,19790,DL,254460963,152284041
1,19977,UA,118320230,106816177
2,21352,0WQ,66921,21244
11,20207,XP,853408,428957
11,20405,N8,36360,16426
5,20207,XP,33726,121365
7,20366,EV,230891,80896
12,19690,HA,29626540,15967302
1,20355,US,121510869,70101076
5,19917,5X,90692000,42867000
6,20310,WL,253766,159403
2,20166,GFQ,89545,55553
10,20108,NC,1056140,525524
12,21171,VX,25546139,16849476
7,19874,8C,37925,23508
8,20409,B6,138981422,60372656
3,20310,WL,15757,29956
10,20107,FX,85517000,58138543
7,20304,OO,12687143,6863914
1,20447,U7,667469,327303
4,20304,OO,12295026,6298173
1,20447,U7,860549,467799
1,20447,U7,413257,236043
1,20169,L2,229402,101851
9,21650,EE,6514,3680
4,20372,KLQ,285107,144431
1,20377,X9,880829,481822
11,20436,F9,41275319,19451155
4,19930,AS,133797164,58432767
3,20107,FX,100164429,65096201
2,20207,XP,445656,271433
8,20408,5V,1084816,459018
9,20436,F9,32750676,18645956
11,19874,8C,28356,13007
10,20368,G4,37359514,14585655
12,20207,XP,617481,264806
6,21634,KH,650255,435471
8,21629,KD,34354,34354
10,20452,YX,72538,27692
1,20151,M6,332977,272239
1,20190,9S,1839813,879987
9,20151,M6,375086,227343
6,20436,F9,41775934,19559991
7,20007,5Y,14025862,6263248
4,19805,AA,270991067,174740655
4,20416,NK,44252004,25480486
9,20107,FX,98738055,51632985
9,20166,GFQ,652633,227770
6,20287,WP,166887,80875
9,20310,WL,11571,76358
2,19917,5X,51153000,29373000
5,20370,KAQ,2886417,1293455
3,20304,OO,12209334,6327013
6,20108,NC,1040758,558685
5,19874,8C,170069,59164
4,19690,HA,31430036,15343204
2,19393,WN,251480263,144524666
8,20447,U7,1219795,554402
4,20436,F9,26224109,17205721
12,19393,WN,237139315,162453223
2,20100,PO,4008576,2080351
12,20436,F9,19684265,16378898
7,20370,KAQ,5485728,2702001
1,20287,WP,328845,150568
5,20108,NC,1289831,549497
3,20207,XP,915159,376436
2,20436,F9,13114789,13691848
12,20416,NK,30942341,20381493
4,21634,KH,813287,432138
8,20368,G4,22762439,12825543
2,20408,5V,811576,298662
4,20448,S5,3036717,2625542
2,21634,KH,675557,406852
5,20355,US,135562558,73993495
12,19977,UA,159379401,123443388
6,19393,WN,395344788,182164105
1,20108,NC,593187,434377
5,19790,DL,293977963,172868906
4,21650,EE,117552,63200
2,19690,HA,21937043,12290269
1,19393,WN,288448797,162340545
10,20409,B6,76518010,49796296
7,19393,WN,315537960,179599764
6,20304,OO,20779214,8915291
5,21492,1BQ,44204,10043
7,20304,OO,11266087,5077358
8,21171,VX,24214310,15076156
8,19790,DL,309895992,168924536
4,19393,WN,292675472,159535373
1,20408,5V,792440,304851
5,20452,YX,41578,18888
8,20304,OO,11535275,6548860
3,21634,KH,543848,458733
3,20046,ZW,11510,3417
2,20287,WP,290526,142475
1,19917,5X,75938000,41673000
5,20453,ABX,140340,74254
9,19917,5X,78729000,40870000
1,20107,FX,117140326,58608033
11,19917,5X,48866000,33510000
7,20190,9S,1654399,787809
6,19874,8C,84142,26307
12,20377,X9,840120,424828
7,19930,AS,145232985,66996749
11,20453,ABX,151216,80700
11,20377,X9,671608,376054
6,20368,G4,30189211,14380696
8,20408,5V,1163194,511710
1,20100,PO,4488091,2545828
1,20436,F9,23283640,12669754
8,20310,WL,203618,96507
3,20422,SY,7760416,3903840
6,20007,5Y,13839343,5593432
7,20108,NC,1279177,556701
2,20007,5Y,8482313,4697494
2,20287,WP,87273,92320
8,19917,5X,64138000,39817000
4,20370,KAQ,537977,419729
8,20453,ABX,0,159484
8,20366,EV,38986,4676
3,21492,1BQ,19298,3381
2,19690,HA,14132312,12947588
12,20372,KLQ,246544,130349
1,20007,5Y,23833293,11947570
1,20304,OO,11005676,5631031
8,20108,NC,905120,584706
10,20107,FX,87535000,59961832
6,20166,GFQ,380258,212857
4,20100,PO,4948050,2399267
4,20108,NC,697107,322129
9,20310,WL,14705,10821
10,19690,HA,20535622,13858423
9,19977,UA,272383646,142963521
4,20408,5V,924374,339627
5,20151,M6,995052,470245
12,19977,UA,277512225,143930940
3,19917,5X,57057000,36362000
12,20151,M6,511314,295361
5,19917,5X,43501000,32447000
1,20100,PO,3475089,2743245
2,21492,1BQ,31217,7185
3,21352,0WQ,547902,169629
4,20408,5V,1054120,417446
3,20408,5V,1080156,375331
1,20370,KAQ,611545,410148
1,20007,5Y,12025032,6480235
6,20372,KLQ,284186,117525
10,20452,YX,14775468,10410132
9,20169,L2,322206,160098
4,20422,SY,7445467,3840520
12,20046,ZW,24699,7716
9,20368,G4,21836029,10801631
12,20007,5Y,15033033,9034696
10,19874,8C,172086,52155
4,19874,8C,84993,30031
3,19930,AS,49007819,38563254
9,20452,YX,19660939,13330049
4,20377,X9,798971,353962
8,19393,WN,288684674,164255807
8,20370,KAQ,949520,465975
12,20422,SY,9832369,4786840
4,20366,EV,274593,100179
2,20366,EV,261655,86846
7,19805,AA,425117748,200585393
1,19805,AA,331867432,182280559
1,19917,5X,34098000,32138000
2,20107,FX,57371000,55821380
9,20408,5V,932749,361624
10,20007,5Y,33399942,14418638
4,19917,5X,37664000,31447000
8,21629,KD,111859,111859
8,21634,KH,799725,423687
3,20287,WP,132902,121341
7,20169,L2,502144,253425
8,19977,UA,189370637,142245099
9,20368,G4,22545157,10437749
10,19930,AS,148672193,58606470
12,20416,NK,57242637,28026701
2,21161,09Q,1719142,473629
12,20408,5V,630517,295181
8,20372,KLQ,331610,146305
7,20166,GFQ,348869,170384
11,20310,WL,127899,31717
12,19930,AS,86131679,41859679
7,21492,1BQ,15848,4053
7,20190,9S,1503871,716129
5,20108,NC,703749,446423
7,19393,WN,334978520,176518232
1,19690,HA,27129872,15280124
12,20405,N8,131834,51488
4,19690,HA,31211656,15068216
5,20190,9S,2865185,1263017
12,21352,0WQ,388791,150694
12,19790,DL,263321066,161052592
10,20108,NC,1141217,447821
6,20377,X9,948904,385818
6,20422,SY,11226859,4236152
7,19930,AS,154352671,65575153
12,20377,X9,1584314,632636
10,20372,KLQ,609318,281668
4,20207,XP,85170,36870
4,20007,5Y,9484407,5636265
4,20402,GL,573179,314277
8,20370,KAQ,3981973,1602652
9,20409,B6,88702392,47711471
8,20166,GFQ,404453,193770
6,20108,NC,787763,407071
6,20007,5Y,26813120,11988906
7,19690,HA,23088167,16133931
3,20377,X9,739193,371469
1,20453,ABX,100111,44160
12,20408,5V,906200,347211
4,20151,M6,603805,313090
5,20416,NK,83576243,37152807
10,20190,9S,3004637,1277479
1,20207,XP,687478,304290
1,21629,KD,965656,586944
5,20310,WL,586,3104
2,20416,NK,59719696,27408648
5,21629,KD,14921,14921
1,20287,WP,116920,97142
6,20370,KAQ,672897,407415
12,19805,AA,250305696,185221992
6,19790,DL,414219712,190645694
11,19805,AA,241684432,169808874
2,20007,5Y,9740436,5198635
7,21634,KH,822598,429557
8,20107,FX,78393000,59971704
5,19790,DL,372431466,149943988
8,20436,F9,31340304,20158355
4,20447,U7,607201,467078
5,20007,5Y,15016444,6214653
10,20368,G4,23346221,13580127
11,20448,S5,8075751,5733889
2,19977,UA,170922024,106044579
11,21634,KH,792696,434131
5,20166,GFQ,395106,204384
4,19805,AA,348977443,177072576
1,20100,PO,5600244,3095682
6,19393,WN,307472174,175444931
9,20370,KAQ,2365409,1304493
6,20207,XP,97549,49032
5,20100,PO,5758153,2756574
4,20368,G4,23788422,12232341
9,20372,KLQ,278103,112152
1,21629,KD,2693455,1404278
4,19917,5X,76798000,37224000
5,19690,HA,21727441,14425410
3,20287,WP,437911,254069
1,19805,AA,267005785,174090394
12,20108,NC,882663,496392
5,20436,F9,27255359,18893480
8,20151,M6,2520070,1170963
7,19805,AA,386300528,200831199
1,21634,KH,723082,436860
9,20304,OO,8966030,5643514
3,20409,B6,102771307,48620309
2,20108,NC,637568,347703
11,20370,KAQ,2865307,1893626
10,19790,DL,278373702,162455296
9,19977,UA,174087571,118074789
7,20408,5V,1038493,503327
2,20190,9S,1096175,521988
3,20166,GFQ,181508,115405
9,20447,U7,988066,620730
11,19917,5X,85090000,43981000
6,21171,VX,24491852,16849312
8,20377,X9,575440,383080
4,20166,GFQ,240225,119572
12,19805,AA,271180046,181550822
9,20405,N8,80523,14485
11,20166,GFQ,346093,176807
12,20370,KAQ,5863789,3097387
2,20151,M6,458168,237776
12,20304,OO,19095798,8477821
9,20372,KLQ,674325,334744
8,20169,L2,468035,212215
6,20107,FX,88582000,61493610
1,20453,ABX,47791,25773
8,20370,KAQ,1327435,864632
3,20310,WL,124385,54955
7,20207,XP,447748,260360
5,20304,OO,10830449,6375164
8,20207,XP,66931,33642
10,20436,F9,26551284,18494105
5,20310,WL,99177,38284
6,20107,FX,110483000,55645254
10,20453,ABX,150339,77495
4,21492,1BQ,7463,1458
3,20190,9S,2452661,1132125
6,20207,XP,478329,230953
12,20190,9S,1994095,949569
12,19917,5X,95890000,51162000
12,20310,WL,168103,64970
4,20370,KAQ,6897031,3221168
10,20408,5V,1196540,422285
11,20447,U7,1512597,699444
6,19805,AA,276199571,198543094
11,21352,0WQ,57489,19893
1,20207,XP,288444,83607
4,19977,UA,202381053,116937794
11,21645,23Q,61368,20796
4,19790,DL,358110283,144125088
5,20447,U7,686029,317305
1,19917,5X,50705000,30696000
1,20368,G4,26151460,14466463
9,20207,XP,701213,352458
6,20107,FX,84463000,60279995
3,20355,US,130473559,75002959
11,20100,PO,4671263,3050947
1,20409,B6,56262137,48414077
6,20402,GL,661021,292920
5,20422,SY,11488221,5044703
11,20107,FX,78236000,54908619
8,20190,9S,1748088,832423
3,19790,DL,221359489,159812589
7,20409,B6,84232470,55423261
3,21629,KD,40542,40542
6,21492,1BQ,26793,8397
6,20436,F9,28792350,15388161
8,20108,NC,1043050,584905
10,20046,ZW,42800,14322
5,21650,EE,136952,80560
8,20207,XP,74160,35595
9,20107,FX,127853324,57340440
12,21634,KH,628542,480374
2,20416,NK,62838607,29560076
10,20453,ABX,0,38448
9,19690,HA,34062218,15274510
9,21171,VX,22139973,13737167
2,20452,YX,22851411,12748014
5,20151,M6,341744,226194
3,20203,FCQ,623800,169651
4,20453,ABX,320880,161669
7,20151,M6,530484,281433
9,20447,U7,1101340,486522
11,20310,WL,60560,35268
7,21634,KH,822598,380174
5,20453,ABX,497628,196691
3,20447,U7,648316,381138
8,20107,FX,79216000,55497962
1,20107,FX,114483000,63304927
9,20046,ZW,31571,10633
6,20304,OO,11480104,6376531
8,20107,FX,99798000,63066945
2,20166,GFQ,444142,182446
9,19977,UA,178628479,129425994
2,21634,KH,635575,338518
8,20108,NC,913881,465418
11,20453,ABX,339974,146031
6,19930,AS,64569458,39737824
7,20405,N8,444253,174020
3,20405,N8,413110,108920
1,21161,09Q,809790,256774
3,20409,B6,115143298,56342861
3,19930,AS,131141759,59266999
3,20372,KLQ,280014,122615
1,20366,EV,159104,81827
7,20422,SY,7839447,4128996
5,20372,KLQ,393885,153273
11,20169,L2,481893,198203
7,20107,FX,79483000,55252278
11,21161,09Q,1459328,425662
2,19977,UA,231327828,120087215
2,21650,EE,314861,228160
11,19393,WN,296169411,162797059
4,20372,KLQ,200638,68914
6,20405,N8,121690,45584
5,20107,FX,133676000,60949705
10,20372,KLQ,446912,177198
6,20402,GL,404431,149225
7,20368,G4,47444838,21534807
4,20190,9S,1530117,746246
8,21171,VX,22740515,17647370
1,19790,DL,345424031,167883633
2,20046,ZW,11422884,5878909
9,19917,5X,48379000,32737000
8,20007,5Y,25361960,11774610
5,20416,NK,41968961,25642228
7,19917,5X,57449000,33365000
9,19977,UA,228145726,130827242
4,19393,WN,260647957,164789814
1,20402,GL,857483,471222
8,19874,8C,68563,22370
4,20190,9S,1771512,843577
2,19977,UA,110006862,105058237
12,21492,1BQ,40825,12355
7,20422,SY,11699946,4589692
1,20372,KLQ,243506,99972
7,20046,ZW,14134661,7237519
8,20310,WL,192018,50866
2,20151,M6,813677,376567
3,20377,X9,1419862,546781
5,20370,KAQ,1290753,830460
5,20190,9S,1643525,782631
5,20366,EV,264323,104685
10,21634,KH,668825,442368
3,19930,AS,125950923,59544847
9,20368,G4,18949260,11608073
11,21492,1BQ,12893,3006
1,21629,KD,51547,28288
9,19930,AS,58015853,34534129
11,19930,AS,58879494,36371183
12,20046,ZW,145002,43910
12,20409,B6,105741770,53994663
7,21629,KD,18317,18317
8,21161,09Q,706936,250019
12,20416,NK,43979705,25917939
4,20107,FX,116259221,56876696
12,21650,EE,310222,169520
10,19790,DL,307188806,149249455
6,19874,8C,120829,43052
8,20007,5Y,36170901,16764718
5,21712,2HQ,1414964,304165
10,20377,X9,876748,356543
6,21171,VX,26879590,14488660
2,20107,FX,112936000,57620127
12,20370,KAQ,4162745,2719396
4,19393,WN,343556447,171492052
11,20151,M6,595343,364513
6,19917,5X,83367000,38045000
7,20310,WL,62459,27418
1,19690,HA,25605676,13687831
9,19690,HA,24211541,14350949
1,20409,B6,114629092,53985306
10,20151,M6,427479,254313
8,20408,5V,955898,390175
4,19690,HA,16175531,13260286
3,20007,5Y,9763777,5339379
1,20405,N8,225990,67058
8,19690,HA,30576646,16190448
2,20368,G4,25981537,14160937
12,20447,U7,1560854,787435
12,21629,KD,33462,33462
9,21492,1BQ,241376,76144
2,19930,AS,107399929,50121660
9,20107,FX,103001000,57868243
3,20422,SY,7986548,4271838
8,19917,5X,48203000,31350000
6,19690,HA,34893933,15996680
10,20151,M6,836631,335194
2,20310,WL,68293,35508
3,21352,0WQ,32637,12505
8,19805,AA,302212690,196202881
12,20436,F9,34763616,20060908
7,20408,5V,936113,452311
2,19930,AS,41076457,34637580
5,20405,N8,218715,102838
1,20151,M6,1023337,513000
10,19977,UA,195620601,133758006
5,20408,5V,1080815,338685
11,20108,NC,974974,460916
9,19917,5X,64633000,35554000
2,19930,AS,110131726,51844705
7,19977,UA,346587636,160622317
3,20436,F9,15587483,14743364
12,20190,9S,3249746,897720
4,20207,XP,176216,88573
1,19790,DL,325715496,130116496
1,20377,X9,717850,427170
11,19393,WN,324347177,164027708
8,20370,KAQ,1859764,1061612
1,21492,1BQ,32362,4597
1,20422,SY,9034510,4116225
9,20377,X9,600733,350893
6,19393,WN,304998125,180817409
10,21492,1BQ,113313,74629
6,20409,B6,83355278,52913453
1,20046,ZW,7953100,6016332
8,19930,AS,138106879,66100174
8,19874,8C,38689,15126
9,20304,OO,21210772,8231728
11,21629,KD,34116,34116
8,20453,ABX,435624,179809
1,20436,F9,33033803,19219538
3,20370,KAQ,1967553,1017046
8,20422,SY,7073932,4046304
8,19790,DL,394893012,206920890
12,21171,VX,18730226,15147453
3,20377,X9,695256,345088
4,19977,UA,280800266,137776920
9,20370,KAQ,1592062,1042951
7,20402,GL,312235,216723
3,20368,G4,29624417,14700823
12,19977,UA,195282413,129678635
4,20100,PO,4804429,2658689
9,20046,ZW,10897010,6636047
12,20308,WE,0,186690
9,20370,KAQ,5306614,2675407
3,20108,NC,837509,476781
10,20377,X9,526139,326188
2,20405,N8,129227,40867
7,20416,NK,37646874,20130428
11,20372,KLQ,325783,150091
5,20169,L2,632265,231258
3,20190,9S,1917359,913028
5,20100,PO,6765516,3039835
8,20452,YX,23058025,14684188
11,20007,5Y,12252236,7301656
11,20007,5Y,10288436,5192984
12,20436,F9,25867247,17463793
3,20453,ABX,125224,61992
3,21629,KD,890349,409946
9,20100,PO,4216942,2183045
6,20405,N8,329849,209214
8,20453,ABX,108224,46663
12,20402,GL,1213975,456854
11,20422,SY,6466883,3628971
1,20452,YX,14986287,12732476
3,21171,VX,24430092,15807018
8,21352,0WQ,104722,34677
9,20166,GFQ,617906,255268
3,21161,09Q,2721022,796100
2,20405,N8,228590,174228
3,20402,GL,1163779,464935
4,19930,AS,50638870,37750045
1,20207,XP,716107,359944
9,20370,KAQ,4341177,1864537
7,19393,WN,401635906,189080213
11,20368,G4,29255555,14354451
4,19790,DL,270564166,159491723
3,19790,DL,344828575,181163772
10,20310,WL,387588,143388
11,20169,L2,681279,258151
5,19690,HA,34161814,16143998
5,19690,HA,34682245,15757332
4,20287,WP,260896,139183
6,21634,KH,846007,385855
10,20207,XP,567549,246721
11,21352,0WQ,437227,154497
10,19977,UA,346072250,149747679
9,20402,GL,714604,305282
4,20366,EV,279676,103937
7,20046,ZW,22107,7268
9,19690,HA,20595770,13392833
7,20366,EV,75814,108679
8,19790,DL,277034266,179284649
4,20436,F9,25109153,13356003
5,21629,KD,1681942,777025
6,20452,YX,35171,13447
5,20408,5V,941077,432867
5,19977,UA,324208102,153949739
5,20287,WP,402073,246723
7,19977,UA,222524850,153765967
11,20368,G4,20825127,12449136
9,20408,5V,1262813,406542
3,20310,WL,137262,48672
11,20416,NK,32293975,20168432
5,20447,U7,905240,562261
4,20452,YX,81246,33454
10,20408,5V,999862,428555
7,20409,B6,139038615,60441448
7,20107,FX,80848000,58396390
3,20372,KLQ,364257,157011
12,20416,NK,62878234,31404327
9,20169,L2,544894,194394
9,20416,NK,66084009,32308811
11,19690,HA,19170792,13116519
8,20166,GFQ,236707,94612
10,20370,KAQ,1873721,1102916
2,20372,KLQ,447767,182243
12,20166,GFQ,159039,89341
10,20304,OO,23651438,8642187
7,20416,NK,80953479,38320573
4,21492,1BQ,11009,4730
9,19805,AA,274554515,162318178
8,20452,YX,15891945,12008810
12,20402,GL,723520,321166
2,21629,KD,18351,18351
6,20007,5Y,15200722,8617482
6,20422,SY,7688503,3772443
11,20370,KAQ,6228556,2782916
11,20207,XP,953478,388236
8,21634,KH,606746,453731
6,20436,F9,26852011,19568585
9,21236,0JQ,83913,30827
12,21492,1BQ,201690,81656
6,20408,5V,1140102,503565
8,19874,8C,48341,23473
8,20366,EV,242305,93692
3,19790,DL,385807332,189695114
11,20409,B6,96789777,51573000
7,20169,L2,756669,290306
9,19790,DL,280177726,159091986
8,19393,WN,323217531,176538201
7,20287,WP,269709,176438
7,20372,KLQ,184624,82070
9,20304,OO,20313626,8834786
7,20402,GL,460260,202112
9,20377,X9,914458,363727
11,21171,VX,23245688,16412225
4,21161,09Q,1094419,360612
5,20310,WL,180704,51134
2,20452,YX,85698,41318
7,20453,ABX,52942,16240
3,21634,KH,842919,426607
4,20402,GL,815200,358934
5,19393,WN,371853619,177441553
3,19790,DL,398876443,150807913
11,20304,OO,9215756,4926591
12,20169,L2,543257,218302
3,20416,NK,64480985,30875049
1,20405,N8,189081,137248
9,20151,M6,814496,341985
4,19874,8C,20003,15860
6,20405,N8,39743,9499
9,20447,U7,917567,457621
10,20447,U7,1741776,740406
6,20447,U7,988147,641654
10,19874,8C,54396,26362
6,21236,0JQ,238538,74738
2,20416,NK,23485111,19937150
7,19790,DL,272794344,183965369
2,19790,DL,538314852,121680165
9,21634,KH,657113,394002
11,20402,GL,1062948,498351
12,19977,UA,253010171,136715783
12,20402,GL,1278214,443923
3,20207,XP,538250,270546
10,19977,UA,188657628,127117672
7,21352,0WQ,85990,29149
11,19690,HA,33017337,15150640
3,21629,KD,0,281778
8,20436,F9,27126119,15868227
10,20046,ZW,10657733,6797089
12,20166,GFQ,157361,71086
11,20366,EV,32347,2639
12,20108,NC,826432,401947
2,19874,8C,118249,48487
8,20046,ZW,12331499,7127324
6,20169,L2,393288,153039
12,19917,5X,97938000,52377000
1,20448,S5,3841009,3793819
9,20422,SY,9354414,3309735
8,19930,AS,68451612,38688304
1,20310,WL,55729,21791
7,19917,5X,88737000,45011000
8,20007,5Y,15124318,6770543
5,20046,ZW,8792834,6510272
9,19977,UA,316362926,142507092
8,19805,AA,381593620,203192653
8,20408,5V,1294445,461062
2,20100,PO,2449532,2202955
3,20453,ABX,43887,24522
11,20166,GFQ,662901,281283
9,20007,5Y,35106509,16151077
4,20304,OO,20297087,8262780
8,21629,KD,3565142,1548015
12,21352,0WQ,78476,24221
7,19690,HA,26911761,15202538
6,20452,YX,15883727,11611850
6,20447,U7,899896,448144
7,19805,AA,353850177,201980963
3,19977,UA,221282227,122086218
3,20377,X9,596824,349441
2,20453,ABX,109537,52160
7,20416,NK,82463340,35033773
1,20416,NK,63997667,29081619
9,21161,09Q,2120004,1141860
6,20287,WP,560715,352203
6,21650,EE,5376,3200
1,20007,5Y,8575368,4850893
10,20190,9S,2100827,580339
11,20416,NK,69626989,30177938
8,19930,AS,151711520,64273462
6,19917,5X,51063000,34866000
6,20447,U7,887139,554462
1,20436,F9,14532960,14496478
2,19790,DL,308111950,149957685
12,20422,SY,7726423,4394891
7,20452,YX,27154965,15430476
11,20447,U7,649079,413318
2,21161,09Q,702645,265742
6,19930,AS,70305517,43054527
10,20195,WI,136425,53201
10,19917,5X,50319000,33826000
9,20409,B6,73436304,48995178
9,20287,WP,225221,161426
10,20409,B6,137819798,56269870
11,20405,N8,351156,135956
6,21492,1BQ,18431,3864
6,20310,WL,144023,62239
9,21629,KD,15676,15676
2,20408,5V,851317,329727
11,20190,9S,3004637,1277479
7,19917,5X,52018000,35444000
10,20169,L2,376581,169063
2,21171,VX,19821416,10884444
3,20405,N8,408328,284788
2,20408,5V,619519,287095
4,20405,N8,0,100
10,20368,G4,29388053,14985776
12,20169,L2,282536,133882
5,20304,OO,22436510,8838081
12,20409,B6,80589018,51372975
3,19917,5X,74536000,38682000
9,20422,SY,5706868,3460835
5,19930,AS,149141897,61930261
1,20377,X9,819859,387380
11,20402,GL,1132964,450332
8,20100,PO,4305348,2215213
10,20405,N8,256199,80116
12,19930,AS,124358971,58393891
10,19917,5X,98401000,42096000
2,20436,F9,20407891,10984122
12,19393,WN,351820604,173448291
1,,,5100,3000
4,20409,B6,94860351,47056338
4,20100,PO,6373880,3054470
8,20422,SY,6518042,4164669
7,20108,NC,890009,421503
6,19805,AA,226684694,116638773
10,20100,PO,4688076,3018145
9,19805,AA,395202923,181531340
2,20310,WL,119183,28716
3,21171,VX,17402265,15268202
5,20405,N8,263413,159152
11,21629,KD,4676523,1991715
11,20408,5V,787493,291529
11,20304,OO,21469081,8304103
9,19917,5X,48786000,34776000
1,21236,0JQ,290954,113588
7,21712,2HQ,866130,210465
10,20169,L2,323804,158460
5,20107,FX,75880000,57865369
7,21634,KH,731821,422110
7,20368,G4,31277339,16007770
5,19977,UA,168346615,129102217
3,19874,8C,50475,22706
7,21161,09Q,1043401,312166
8,21352,0WQ,78602,24795
5,20368,G4,21056684,13615505
9,19393,WN,348776993,162847237
12,19930,AS,66505091,39194602
1,20372,KLQ,185000,109805
1,19805,AA,338396257,174171571
4,20169,L2,310424,165702
2,20422,SY,3895757,2821924
3,20422,SY,4878371,3359333
10,21645,23Q,9858,4955
3,19805,AA,378410499,193844696
2,21645,23Q,7150,3594
11,20310,WL,349777,177716
9,21161,09Q,1013908,376989
8,21634,KH,659061,435947
9,19917,5X,81793000,36434000
10,21352,0WQ,441129,141842
6,20409,B6,119555227,57899767
8,21352,0WQ,384354,120866
4,20402,GL,875378,356831
3,20368,G4,32316022,18222665
5,19393,WN,310447072,175047875
1,20416,NK,42391182,24523033
3,20416,NK,77330846,35893084
2,19690,HA,20326816,12544537
6,20308,WE,46735,23981
12,19690,HA,18485553,13951058
10,20422,SY,6495282,3515001
1,20416,NK,26708498,21470845
6,20304,OO,10364644,4386900
9,19393,WN,300697824,153521838
4,20166,GFQ,307987,120666
9,21634,KH,634692,429319
4,20416,NK,74222807,33760047
1,19790,DL,326289455,157691468
10,20448,S5,9406213,6451193
4,20151,M6,363254,206657
6,20448,S5,4340750,2974618
1,20402,GL,1139536,363126
4,20436,F9,38668884,19681831
6,21650,EE,388688,228640
9,20422,SY,5981104,3236172
5,20195,WI,3549,1959
9,20402,GL,623950,208522
6,20409,B6,105581856,48806973
5,20409,B6,105762046,47589931
4,20409,B6,64391404,50689532
5,20100,PO,5783793,2936648
5,20108,NC,1033301,445143
10,20405,N8,217817,35808
1,21634,KH,863451,432202
1,19393,WN,277572951,142638841
8,21171,VX,29420018,18238682
7,20108,NC,951386,567281
12,20452,YX,50043,21048
11,20405,N8,139375,51749
12,20304,OO,16611712,7379409
9,21634,KH,612176,434148
2,20408,5V,773434,320791
8,20169,L2,495425,200673
2,20368,G4,21141186,10759142
9,20169,L2,614202,273184
11,20046,ZW,41322,12089
1,20366,EV,323056,102060
6,20366,EV,326425,96355
10,20366,EV,234987,83641
10,20436,F9,22532980,15992985
2,20207,XP,225900,78986
8,20405,N8,95400,26529
4,20100,PO,5204366,3392925
5,19393,WN,327303482,162647283
12,20372,KLQ,262669,108732
3,19874,8C,6186,5098
4,20108,NC,702806,395668
2,20368,G4,16053275,12815963
5,19690,HA,18714545,13924977
1,20304,OO,8969786,4128871
2,20436,F9,35144267,18116710
5,20372,KLQ,381694,177695
3,20372,KLQ,895857,353642
2,20100,PO,4471547,2407727
2,20304,OO,16860769,7207367
5,21352,0WQ,550515,151657
9,20166,GFQ,669610,341463
1,21352,0WQ,515168,149758
12,20151,M6,1915560,926649
1,20447,U7,482968,277568
4,20166,GFQ,219637,99022
4,21161,09Q,930574,315422
1,20166,GFQ,87972,58531
11,20107,FX,114704647,63070766
5,20416,NK,76289755,32005287
3,20452,YX,29768,13935
